356565703
487244548
619552349
799808305
822647138
399453645
680645126
937391455
601953787
316977329
630585838
931125131
527784421
151223320
373288760
781211887
581858915
910408747
948476006
217488419
454492674
312777753
81738220
863717014
784362598
498353535
450959763
965858199
379738892
336778118
418093479
351293532
993645364
839160693
817223548
371212216
447765384
871958088
877593699
117182542
689177833
122846091
236884331
344418089
777376111
434969212
151669787
257009875
595403610
880313006
805116251
452561604
295689456
681272441
538081745
616201734
168511560
539978301
225350372
203830619
356577682
540209095
719513809
184825734
838221671
370990339
827149882
769419862
943361938
237169331
161240278
764606254
196530832
972651268
302024011
235076339
413310605
522252303
325706613
450296536
831596565
563880425
477612085
967388318
378862264
105775614
322496019
265775124
543337327
87192799
689662282
205408320
111165882
946615804
324309600
94137491
149366688
216201891
363381031
378925958
792014313
719995302
268447186
993223423
938623183
809465234
427269083
760780765
322062844
357032745
173629584
659665555
972442880
392750676
675421050
874401261
860169502
90439383
237965081
739434125
509051381
417635300
151509520
595422446
891486088
423389627
302499959
274956694
81233548
984866838
133690303
396262904
216233540
370470203
756701230
431633464
601194819
18896447
353645499
183126141
676589359
659605652
598152635
467468230
250323579
48779173
843549993
330159331
348079719
116927924
680391960
419791857
222441035
349431359
805388682
346296557
582896741
175353514
576222202
987938169
265783006
668715210
638916545
479519803
202238183
542543765
120009472
862098588
479477182
554305638
259967176
579836815
299834958
664582811
970167851
230982905
769402078
80034656
610159271
126596594
64782559
79927367
719526494
207456546
564142486
191216984
615133941
540525671
607908380
549200034
153003928
327511062
266524322
424055927
746419073
384715918
504330219
71311983
806086494
426717096
586014089
966684536
650799524
288382089
792898233
46538587
430605023
855045665
139556510
314248261
499172241
150294278
260528895
659891803
82318051
28932314
965229377
986010304
600987949
149756811
532022156
663095680
785082170
890576875
607371315
122934540
293038259
258930859
704582654
165060024
252834327
636944226
653686118
634270409
919366581
216713989
91547044
583095922
893266405
685584058
250899234
144056227
876926292
696241653
575337095
981462863
701603672
479660114
423924916
347587141
739980022
930688617
997460370
833146275
360873602
999659027
56871193
582024910
157187990
122727917
910210627
959554295
684416829
758461243
718356681
447749464
650165198
974220117
362115142
54432559
742429872
533386641
382569857
47428170
873192332
748962413
388262822
481496477
84378747
285486342
502599787
945023121
136326474
632087034
79519313
388605451
208585314
671118587
835710993
817566050
577858994
449126988
178375629
375742936
515405117
183804858
426903817
652598672
219906620
350809616
641445534
478859653
367505459
17156228
837734049
998520261
647181462
349349030
153246605
267939374
335301472
820179980
326548165
25571903
758645327
520800574
763367992
732410527
520616806
853631252
457134948
841544137
333095647
875714245
116448910
417094039
467703724
657578350
161025132
903942420
968343077
192354463
701241742
128619255
504722296
47932261
14628419
548848403
140721829
731954800
727845746
332668553
254710124
475697955
110232371
193993736
589292056
252889538
253648384
515292312
336439158
859846572
223545753
540659867
972009729
485728970
986705597
748564050
873115069
808639498
597702419
982119680
279676077
789832791
366652352
660434737
172947876
506558087
790392848
802885956
787240018
765902365
799002764
426716743
872710647
990886425
972685049
268164930
270422551
527512803
800351152
984996706
714401349
910662425
364844855
305043679
629225125
205931964
279619680
708192575
796823360
656390401
104790570
188023911
227176566
451262906
905149758
639944250
328948179
312715989
978044629
891388072
863164023
673896667
117009667
514932529
601496891
895178804
980190241
531549956
591680937
432775688
509136635
138563158
922772382
997715676
606156339
813499291
952951563
159237135
622625599
205802608
199423655
265900587
786264673
814509371
545618535
577909872
611979273
306465073
917770436
583037559
161783995
327062346
417053474
589289684
238730402
554331452
690980659
314293728
98535279
377952523
374750869
746620051
436714334
810874957
860917436
951582889
683220529
947173552
555333295
108149394
371056102
354170305
428970761
972629639
410259102
91512384
105758093
263630835
385516614
117237181
120865267
670091823
904425394
143175369
241055917
782597022
527471872
808639363
113369602
591291618
436830754
568579154
142699957
602975077
472689442
467836921
342142610
799637576
303125449
448311454
834198410
671990142
993559855
350309550
453975246
903346688
802183095
821975156
165361485
243685236
154607110
558655702
801774363
466910316
363398291
620436452
943294743
157736618