289933408
671798209
447781107
113127676
510446312
788384691
368737755
728093261
542943190
943064480
905483190
345334792
353356692
595659148
860295932
547583550
150630515
260593772
644563460
701054012
728330765
137208622
674142615
769916593
731026912
533311842
831298091
545986751
475817288
616836681
277842016
158161393
827996570
926542972
357554223
303818362
708095120
556175396
104937689
461629977
67952361
685074313
920308296
13370171
449343446
731487240
498456989
224791469
719775339
21875439
909610676
841683799
511208654
988849055
799855215
488492737
768548775
928587568
47900031
482576966
790645082
640735410
877543471
680902207
830356308
473669621
675679353
235328547
761820772
239717831
705471494
873529404
734716668
664267916
986550162
659844651
987907749
445163847
580100142
777970650
831701146
371999847
965159958
924357294
147408594
631561152
560592491
546758666
884548648
623221329
594372543
786740412
311061052
554350837
849353176
709103273
913063987
556599370
539668437
899130650
385956900
492118527
538134317
617096557
295809604
424490268
356778587
773885025
911346005
955839798
249466108
710444635
918997765
95277604
406568017
478771119
20933819
186336795
83437241
747100968
785977771
233151086
125824120
494346744
997829447
289552417
909230255
971516047
985122637
358240182
757732193
709001548
949787250
764085497
536876073
301042348
90336674
632605737
645813164
49534122
989179933
967586744
559050150
561953203
85013606
717921830
667460471
285179939
168580821
729635871
469684536
729006949
253507244
150255737
722661775
504490654
106487075
204915698
46604428
440428961
712468767
489797740
540939887
274681100
173224091
440189023
340058567
759438161
785626397
297370512
183577931
794039697
296602545
332489649
40549541
611441374
437762610
514342781
211695816
637653741
290282549
962029191
61105033
47584899
657192211
347245290
959709768
876838936
836169680
524407974
824255123
933435216
476455902
547231170
955019668
965778092
728096798
120451867
598670075
266631034
57110494
196156331
540236830
126666300
529662076
781210122
921116539
278785007
871317340
288641489
494526160
371920631
701589328
244169730
608887269
467912894
424627022
278396388
621479966
371962306
926538666
654346966
205058399
357774745
761682077
705031420
782082845
334700605
923779351
113087191
734127783
446944759
395295358
375379160
460343106
932657107
131575214
421584744
810574125
276998988
291755541
169902160
156598110
931656389
83482695
615961231
916392791
629679786
686225406
245671347
67166039
191510971
528199230
765800681
652659619
272637084
696687122
283613141
580301763
778944424
374181885
141675255
310381210
409965147
492906718
390190527
969482645
630467027
97908776
330711625
961634643
18832305
660686886
675406000
469040850
420803065
327534349
252136879
332691141
181070359
947377082
427082708
735577136
407713861
548927016
849573936
771543538
774746235
555202246
250071313
693032017
883059263
473626339
807003449
796953132
525422702
74113136
539470763
35793875
538726594
798215037
196936490
462953857
195241785
718411112
882953830
375001423
551013673
479657377
324611735
98247943
633788113
430241934
743763786
596554323
118587853
305214265
179541389
340165698
936087392
407331032
309515573
238046337
63111115
409666241
16495067
892987426
360744313
103873747
415728152
97098744
847056382
914744122
912059151
137154110
291787651
886909325
967636646
984885669
334274180
961131136
206233577
208451608
795781419
91784364
832905247
182327188
66408013
874431997
607849480
93698376
155229677
768211095
302913476
462495907
253394401
993276376
930993459
149155366
668228747
664465088
172836716
718883175
318587541
785278575
760528016
902819913
428587915
42336934
152938119
871672202
26840928
193064177
371626645
995911034
891792282
973689843
424909886
611474428
809976305
614623626
880014415
431327285
360658555
468419294
195280716
568614779
886925976
377604395
463640115
855186950
977956776
583405389
798531318
148168644
492791312
553786986
926304480
542701865
307519782
601228694
776933296
634525472
540809918
117505907
767660124
578698142
112181140
479360205
374481192
107218262
671864906
898972617
681043948
273385952
559294995
729202810
376855506
455260951
289028801
234796960
82611790
368304159
310401012
442323658
461217251
249914776
565064982
376181888
843890662
684871459
586207582
491903759
578503841
283132815
630569561
999310815
826772804
790894863
194206144
292191306
59114776
882270676
821759738
516230504
858347455
595700848
507960436
135854908
966966877
608038172
514957017
641134050
808922282
173599378
168165805
823320769
667114376
351195036
932124493
275020089
902941766
219612007
507053497
32622866
239973283
580309802
866309668
85372547
179658709
557199523
355702666
595434764
122326269
10054287
868892998
225809608
638133931
535765377
740298186
137122437
301973470
62630188
277962427
546700495
408302178
599754756
146807677
792017492
225679042
423172566
491766246
480485899
77491248
245269900
966002467
34315870
593805284
156384624
390014525
147111327
644300878
115791426
916905509
91948620
401666896
540367959
955786630
470679303
641674742
667457098
151823859
997003199
765297684
44299918
758599689
819346099
397323886
484846558
562545891
140723314
697754920
423802567
688518961
261422076
461934678
730493558
880685237
531816816
631338988
865254884
621211381
103935241
729511430
172559526
346776046
506439814
460002486
13694782
558304099
613233099
420540807
321156929
11959711
701229774
757931510
944715800
172615125
810034897
289518751
295168894
274830243
495497228
125979319
149653184
464966787
40111581
417532994
35882058
603591733
801233477
227549220
431080700
834488349
546685896
271222612
980620302
618866883
129539567
596549525
538734388
845432920
191165097
642965222
282621681
965983977
729868748
460156500
271692845
753827514
579499812
118692160
349428578
407075671
78725976
102844937
920255767
378243455
611039687
467935050
391530995
126498985
229434759
598593937
851476754
28858647
582894051
111428350
211943455
637171423
356003554
903835013
733222164
470446996
634713385
598565403
263096636
546411922
812889072
37600016
833380040
408603592
271692910
861512059
559070076
878631230
769862062
855104637
232687915
962681541
863675550
110571360
296834779
121940235
766782831
775627052
251775844
619077291
421967223
431814307
830369111
834491669
720538348
593519716
580508449
852564495
344934992
110339251
501439018
921172050
168797836
469645315
919637398
233462371
849240501
603881517
719302045
616982092
893982659
917594929
325417152
638981909
982215807
600007705
108035090
617979664
508983040
433257087
246591276
414024009
278892310
773491882
175334623
720344884
795371532
880182562
869576624
488001660
830470697
626620173
68289019
587548386
423471158
428914638
366318426
681435087
695395950
138449975
964403028
327683809
585541280
441828099
110006162
921425887
293249339
352904045
871052163
44986176
694292727
575625496
615464553
239465367
489875933
431569965
979607891
98368016
942784115
176827754
14971621
485335091
855635557
147490454
800655845
844510831
545757340
540306495
803458990
242892167
562172850
492493151
260938251
339014181
489944546
322378136
211219161
836927720
49956900
81644497
194970631
829317295
971049682
116804107
852674333
273151829
891534645
220699418
893898311
566867634
118429263
833197585
318592967
251057252
153763018
254917009
623276249
802707721
389058181
864125161
416997261
315396634
525802882
335101185
888284766
220280300
399480005
132957486
378931099
866156483
684470353
349138221
579636465
321432812
494506158
392034144
880922981
158450834
89267189
227687691
245287872
113472535
195287050
538885457
567106628
871447947
832336721
105328930
634613675
101575377
865205201
519825407
210443919
508379092
435973683
482857280
323313272
103425741
758615818
230124737
113235874
214231395
665506362
700136823
247471951
688546576
500431267
80313285
721972628
598445083
651255831
705914499
391609595
882930069
149794323
160690306
247871373
274522957
396201543
511814609
195410028
466376289
519179552
31576706
800112176
374068142
551249735
683422131
435865723
281734780
882059000
84583612
443857314
413353543
916215135
873969308
229238199
808454855
783036817
123865422
938567912
37330374
551306716
142622217
35216710
849480268
603718404
774191500
365659742
43787986
841652831
148671439
863156490
684570000
383073807
836423027
168642520
405849178
213981803
326931598
661970170
739831109
87809935
270796563
876752805
871924044
343878480
317173105
591478282
308778435
701845479
231245357
804859489
292772291
94124390
411500270
342471845
892377419
36937393
409865616
519886644
474766522
74190418
736531456
924513422
326758139
563565654
280792174
384164570
682796173
846382317
243571230
74865646
454738995
189335857
917442607
917468275
788791510
947403410
991750848
554059403
846245815
247877326
811502816
314918980
925899458
268193548
127793272
794332865
382471109
471457481
498853797
452944502
951206559
239887070
81289718
280075409
956739955
56566103
606665693
573382706
706314204
202523245
30701028
761878766
885572976
543916627
276228385
287540249
872837223
942123714
838640254
900321259
805590199
987974870
712004286
494273894
653590293
210711859
15274493
821498215
819153900
456390652
998590693
968652283
580654974
280821419
250637199
12066054
651987901
100684501
421958543
978558850
317149355
676485743
225469908
599605601
705905266
647270715
401588518
551040894
592230326
46817046
504516935
54923363
338156559
739603892
901160842
815679941
116305128
935298884
815661007
627643359
486564025
225342805
792890254
632972372
536050193
689209346
263555831
205734107
561740347
182037678
787503996
163234016
108805888
240081425
336795256
588943517
272576264
189219656
433453947
449363358
701844052
885603582
884216102
245658563
368869873
23074239
798868920
777129899
567871260
588925385
434926171
331085945
154813766
668646310
141219912
628967443
821239967
304524251
323254415
714474866
645477970
559189572
989840198
523812181
823241109
665379322
623159214
517548957
744742269
568171655
751636532
468742540
707444467
464664633
893213902
915014998
767800292
772840377
901074515
530248471
204843748
590349017
667931398
147884370
974822280
805707267
681992096
410342397
601132675
869954957
335576154
802091894
177577793
747773333
964079751
322121645
607423986
291430608
309026633
665503340
736863299
36895220
908851039
403461570
938943400
571545197
444732597
436404521
251950808
16505883
658166545
293381857
611634723
115556278
976506178
177787202
839792376
481220539
708215423
662099259
798071449
220815453
239912098
790412295
901314500
939717940
774507387
963378901
152275249
913312534
147851545
142663346
639691754
890228291
493455501
73272268
650833015
130908348
169216412
777536830
101710498
160778223
754405656
116867717
498878091
951004519
532003673
259496306
458668130
903929518
977900046
108432472
317862737
808059108
260329309
890208867
850648546
712869108
406411677
410962986
452532668
730660824
735545902
629886885
534540728
316864790
480532990
873613768
557329447
998833227
842793432
858673137
597884922
891106630
881517278
753649876
901460409
531827202
804815096
152845858
607991084
650511569
306846300
305600067
543390832
660460972
716526578
537507927
688789391
323010958
519208183
948408710
717831906
85661211
381825548
784214533
339717471
968973110
584428685
110269939
834717229
311854183
258841112
662661043
622583789
309569780
428287128
663418701
918727142
683457290
946706785
867412643
231934646
70447053
328260784
808304507
961328385
928184043
806588923
901918779
431410339
551021998
548032177
780386110
163923184
316286944
664077249
662127968
602068761
835622887
959689221
751597108
328060071
487806593
984109505
831398981
831984854
939003170
187154285
356177790
51098517
973688261
363536821
959497999
665184839
945006443
821614643
440593892
86382933
738633547
886803414
821541070
798858302
526312856
832581761
702159501
345804560
269078628
645607155
424500784
886138049
381991660
691294112
89697827
192837193
693388298
559805001
715748701
815081729
695343199
604987786
330846039
168152798
189958290
390416156
653212869
117321376
634707846
795840148
245496657
748137471
216960885
416682964
722556632
815376155
564676531
176677817
343758284
52351384
546938504
546222015
157999011
407671355
46399057
993012029
597542266
539350132
561222426
929679894
612155150
205911467
267744196
53722723
280343937
568663539
620380474
439484909
844005548
198993622
576677195
943299395
26204016
738247574
195961733
522680867
836814736
636816859
56460961
704858942
677490872
253754080
693190921
128942611
929076520
148079807
399037410
698212179
115650643
542352025
743136980
502792760
473841086
999553412
549891352
638656407
647345990
198153179
553718741
842000484
165443887
627882078
236158503
28628589
124052005
367320494
460864412
415975444
104510321
197737346
489706957
617440210
398458851
990505312
726285655
666426521
763934303
994121734
723304361
779338882
317962626
765280406
998311836
631323509
433751252
870555828
357469471
125352531
375270369
983666985
118634948
765269475
846711156
548251096
179096780
598821339
875073467
279901865
578675916
341002968
158570854
834487045
289909256
740024250
362554546
196190560
547523617
905875316
435951312
324534473
88871458
259546342
112111351
236711948
822845399
870295586
483817014
161397970
95292931
276117120
78708115
692686965
159405857
899185523
182402205
823699360
934910454
739519611
460591005
218630478
74442956
207416186
482506258
267953549
369409860
699015030
418709777
991142819
262536650
335178673
160182794
673503548
705069332
776049784
76657620
167357148
289682719
574329483
568292519
194849953
558503276
986560441
674906227
585385275
272262052
238489606
898470866
897787046
391899151
695267550
344955427
117936512
366942987
685020746
42277556
777583975
581738759
890276311
924829347
546999602
167370846
449721089
340154892
548491267
484098995
123357388
581338850
113850895
627120091
725667949
760505298
717656901
51634510
387842115
205778712
447737946
344376632
593552233
478869211
897285882
648243715
408794794
168121046
310575029
941900572
875955406
324649764
181963591
726014292
190508809
722838418
736525784
421429092
648584988
91470937
735547994
972695852
756755859
327791101
887463287
656398723
325107657
136446522
901262047
524341105
659860759
617902240
568087886
813219339
369113369
588432628
715351583
74065207
779816145
413762351
213279166
828088267
613288460
822851496
849360626
24470485
828973918
196873630
442478056
200282893
306210292
73827187
586303485
708239168
343236080
145727441
735047191
556400436
114622072
155307456
481743322
961681200
110095174
634739533
245631379
644828177
775810225
643169124
383978541
408100842
102326424
289245155
394845426
827268910
463691566
964164387
900742900
538609488
838375459
80028163
186401894
677971031
79441462
900972952
942326254
609438572
386811024
475397951
838312966
507856517
388560853
304056920
135581261
659191313
268180683
735813687
532911637
116314766
811754945
463309395
727664664
587221963
876884144
501217252
777379754
826076495
204376763
931401108
471839285
816241873
382767738
176311926
736770643
113200420
554291110
95505601
943944841
691999497
394726642
793588671
363353599
387839935
450450931
685527055
799159303
106913828
732521243
576330804
941149836
917698704
404281340
875130933
690417124
635355073
171171362
495039348
260525988
448769510
134687997
905901507
672706825
895167684
512915783
592991445
311391139
951527185
437791765
840686982
885002530
366005006
626053985
879586281
432734068
241455358
713921962
721759104
980967544
797394671
754511292
680567135
148844894
907135392
604045789
543557904
880360567
63061586
203522837
408472499
821277665
150635127
700695099
731545388
746400523
447593781
621466845
669545222
177398063
180254301
498599747
879269077
552961129
788114181
344662536
16506938
573385108
762041928
238472631
583689576
517560551
768793717
404744544
630369548
526172680
128467853
926033921
192881528
862236354
372009342
443444356
545604474
674413072
366902317
860077149
918878697
359371309
715623343
275482442
525168922
450744886
642355296
598575478
966790501
605836282
448267225
447668752
127124910
158679852
282054638
707480845
761010381
537198149
270045238
485997358
648436046
40506674
271230810
124558512
573615222
966567522
116565757
781336596
468872410
106084623
351806517
155284648
633348114
903660021
527538962
263310635
218438477
524302164
98713709
712893681
277209868
612080799
682846618
208001336
621643849
671441912
158679815
806557790
887051147
782485387
597796575
809165891
646551454
976942102
801084263
870309710
762573250
302187355
448075680
212028815
540209639
319557560
880829659
988144724
555953740
366373752
188835106
872937325
409284966
166031538
701873115
141421706
273241288
853203288
672991631
986545275
279110070
696087462
342417103
180227513
263269793
815166916
442945516
194850286
867824188
853077151
279715559
713496502
925357325
390823368
695427062
939228361
643681552
616510891
229139388
682434092
454090875
560291663
953982950
583401703
369923420
908737724
606989356
743289428
492973362
557241534
199841077
314269678
231889048
333903949
827914204
577910081
723981828
234211006
72172181
344610230
952511698
792102942
784991144
664618102
377740197
871073345
945320801
448042677
693245317
326802635
631835442
760898717
335910692
986043911
598092938
322494691
713110227
746853054
940530021
200186133
693942561
895968790
397476528
784711069
522088187
263593428
699368030
473312024
527947948
254878074
826753130
462728674
405144792
347684387
493384658
843558437
592414136
880279359
681049701
137128620
70398371
529968917
388631304
840130494
351922605
988208479
231468907
981525646
403659498
790521208
820215662
571871592
785798949
309720882
986955541
155083242
115551261
212915939
134410963
433496286
964031068
202155547
631941644
242517857
689728184
743404341
105829649
784269443
924812158
23845053
588100830
179083133
921689823
202469286
346572178
495997423
889512155
299421146
391747654
950174172
595604828
766378069
529383540
426795340
929107279
867978752
624741021
284968272
518129588
990702669
240981885
747742152
492104223
686663046
197902266
545808206
364531057
932865220
902495644
187275042
247910096
914748603
150159582
225902403
878789510
984274822
765702103
346067921
776645723
583700788
688978492
926718678
239870275
496110817
128758286
262720691
466942791
306887409
721820382
74520703
925336590
205387273
133168629
668966341
400989611
267184289
567739464
635749580
488354820
384826923
766270887
381003112
642854964
338404640
626960989
767999983
686204979
712376530
214149775
816229754
241269452
514912766
49752000
553444427
921266795
573037220
84578084
742414805
820983636
886337783
665588802
725879366
250821902
22244033
491914612
168721754
361636054
21064778
451263453
45240289
530741992
443233649
245171859
867495223
465222677
135198536
436967167
585053560
612632445
275731492
216733424
417481935
139871128
961146168
964054529
554500011
160715966
543701224
624568096
376203789
498625959
300267813
719702529
12450542
192198415
575001509
716412848
607019951
523343420
878605426
518236087
882376339
379053868
440980577
278308047
236023136
863004054
859731910
811235988
336498272
826337672
545770434
614078211
142393809
668858258
994791175
23014076
72828803
748956587
959554211
333611618
454592202
522987558
987178063
773969831
221596088
471962034
896154619
962926875
359076454
858139913
269706039
601330874
268450780
904440548
761162976
69557025
431439292
989672664
971390515
932455435
582846228
228058621
117190845
918590246
636790800
678635242
946637043
196452894
267160562
755750276
397525160
730614248
971006215
127456712
971644224
453139490
899554568
292308363
221614761
328407554
972002430
789809978
818680476
864059840
809373112
301688154
405605004
555114888
604556488
458444339
478167150
829101644
244498031
267687669
546758700
854577827
833627892
616328697
650478461
735401418
656417415
509645471
824507880
921720854
769999352
972788890
871247465
18519252
894690808
540001521
175946322
428719235
604850904
105604067
391086551
973103174
803763342
847985999
420895335
808883068
687924893
983083651
973233351
150892547
376087619
347993940
324331021
240590776
699932098
487159372
448885077
740569529
804146122
937013921
979260138
427054006
146015810
835429956
156585288
284657584
223416186
227912672
849476970
283236954
81854699
33409231
36678135
944366557
923824622
372885366
457496759
941723247
257360435
328695180
629244666
659645824
99340391
346373264
128755841
454887527
155932010
978537496
848122208
364385056
304627413
881883843
187609087
277227852
970966754
657721184
753326143
68314335
793487596
879096724
787407350
905097483
132015968
206098727
732036693
731295744
906923979
157026506
833299678
954865524
533993764
952495346
669782019
675515922
940826323
271996890
953844264
231881701
935634324
528093293
864901588
611488547
736593823
981847982
48016278
589733385
442628031
586262231
720233312
438307887
115429771
835867551
708536781
416173286
193460885
257397759
576376245
447203892
651184814
50991335
625365573
62292757
259813783
349324291
911659971
647647076
731385006
227574347
273439978
753599761
645621414
300366093
367956783
911847596
872792842
440295784
216572960
948764628
94644099
770111363
391055429
229840685
362030009
927380865
523491271
767065539
915973564
132718794
405538271
514139372
54856506
521997445
386946274
417805774
548957187
561682713
425928729
989056178
128411672
829787882
839181998
334352567
714065508
534621685
963924300
217753167
414486101
192224823
555390504
166539348
300434777
716345532
101381953
522176310
539377170
392942975
632533937
177293507
881904906
923332812
968509024
430593574
102066475
206715648
812342634
690341067
565137577
521248368
16627052
677861939
92173556
214710605
595721502
780737275
872019307
335998220
225720648
737167160
245748612
287355554
794012666
815331268
583063853
989493175
451326598
585545994
186822174
940678289
886657563
382205676
975928636
602009884
244298984
233530721
144755691
563676889
629943332
430327978
821436770
244328006
168534045
62623205
127732118
903646303
449933386
279271447
856238727
201806822
778805505
381649508
606262139
932568176
615808496
95121252
419759121
241213353
177143281
912907271
542084266
357535479
116907298
563694754
124873917
728128759
781970911
559810935
506121209
241655111
294596337
960195676
308827352
843409470
726780865
779606564
416288518
917125754
819445689
765612598
504313129
173730508
845982350
26056606
764501101
426091021
754171240
985855077
686307307
367624299
851850655
327869243
734523853
244772774
847415835
922846932
988767742
144316585
158026960
863204800
970544247
42401303
866902617
562163541
197631008
574980784
379855436
121236151
209018579
980589255
676875959
545882650
549473332
918506667
242330736
275027853
468496985
229378888
347309947
76281685
477411479
908464487
14152864
766772807
468703859
468357160
318843883
408146838
987393735
282334318
560402387
173743205
41366721
870269330
646885991
156421127
370546414
371880001
974334942
701806097
791975497
97111681
971195692
705834239
886021552
354371761
471451256
449103908
531717221
727624440
901692133
329564782
784494009
583358675
740904488
836042176
807811454
163571128
480027058
416876392
534758540
544819850
929781626
104102452
102332774
668035160
724168775
944756571
682023701
352941285
502183854
726952886
391043453
749621278
223025239
523195844
601875738
666227505
825405150
756297658
354965723
458437631
353049180
359231093
256477637
645433459
757696274
496487991
918131067
329611108
947222650
974387223
928554291
130818366
377985915
527608728
929818755
699806758
929017034
798926934
943677447
601055047
917584974
306358841
259823284
644764670
534438245
929547158
524220567
786233585
568510329
542246026
308112075
262567638
914228934
376134404
992527293
63086800
365999139
299262012
902093191
570401735
829611582
841765598
203933854
347664482
296986004
303604746
330369411
839862902
521020425
165412722
467789726
702006467
499994134
400232527
103967142
511334232
778172528
337210497
736709759
119343553
94487904
765826464
497586201
427100448
249144039
116770490
547219525
529284307
140132523
769109985
892489335
502521667
955915903
119502543
975216354
636425931
434506474
107822728
949807097
487041510
736353742
523398695
259414756
685519064
989515801
963939731
517149066
717415426
744648912
724174323
228011623
451156579
200380525
289867992
326618099
486306105
153942727
463459521
225661327
350592005
242066026
17861196
993453073
731575398
86148168
178008346
482378435
112852253
249878036
466788032
379432509
672823712
123519131
234384415
73864686
115988242
414261996
976433553
75203835
195189180
993859208
383191737
578706479
167875300
132640038
868087128
373441030
753411567
695293080
772775381
808491392
304119526
358892410
900413805
65120314
677132830
251266136
267891617
120742953
181801741
171488206
266415350
521600183
929768427
698269002
544836210
590194346
707113452
253969586
952828303
866215819
315405795
256755642
435332991
308847384
967853288
158871529
840635837
894413163
588759010
895386055
581207556
756050429
325261806
185882742
919784691
145122620
921104278
272215930
842142186
25422338
40948919
36149034
409197598
177156106
593980947
722415133
607009652
891218819
903268738
767024738
917734496
409045829
155434688
44240640
569188078
872898855
680965571
701563055
329467819
629322244
445150378
500270309
569429665
273765463
738106132
656831892
754473563
422990724
783483029
552362603
428773315
985875224
218809981
916576327
946180224
838409269
698644432
306106973
536824092
538973371
831414268
844874087
495885940
785444179
477642772
119846804
685978812
756626993
258839090
80316129
833856775
82583009
692444806
859404700
279385850
400218010
497478093
879621059
651820809
347213642
376808450
281825124
928693977
765739644
979382345
363216417
904545845
421433715
647440264
686888045
42914157
423666775
42621570
180891585
545163927
656718459
982124932
812834967
124101376
127012591
188768996
887357688
359096665
472466885
548887395
483700461
979955971
531472846
913768929
146351491
213491014
587097095
406657927
584417921
856320584
980328385
410863796
48752294
541438113
893019485
599860246
691079812
364306889
865306884
441294363
968538754
915968363
802381265
277452116
336051397
508824843
539972661
177627278
804161149
636369285
162402444
136562239
994325614
934599867
596653914
791050216
602266363
140287232
232641128
350819728
344679401
848519520
897583588
25489831
364465116
322392720
288523771
511622789
737515560
912974471
994992695
608044424
463637345
502097153
785481970
535563363
942871597
968746251
346257537
983586611
287070574
768377498
575225939
130354091
926182559
132092406
348909719
726463570
154933401
977076471
888030582
648038569
372827412
960566266
672990047
598501095
700439167
507849716
628554882
638091336
688819497
551560252
180106959
282298393
482061416
729742635
255819320
20825345
736272039
318645297
229070769
578151441
660895930
930581360
540506487
525955152
103036573
615788871
511316695
771427057
770748048
90827931
235089228
525889048
771360310
430564735
617194398
325256176
394537899
743375565
740921970
577866822
201780671
396386195
289595191
695710252
697469758
607571482
693841431
60712733
506420487
523810358
425920407
659696403
989734174
993200850
408222852
974558711
436081602
450342871
954581707
297154985
760277511
155076088
396383012
825681794
672176216
445382388
657739703
781562896
979646242
40981107
647730109
338109336
304121626
856440537
521708021
929418890
212185720
984798086
631414823
680946531
733541659
580192249
997891985
537057995
674014682
564251318
23038549
460779442
684230996
664731962
832095386
174595086
915167466
882317979
619225096
279114603
600035407
296961860
846566574
721931900
993858120
415605968
330425048
669664474
866271575
678920249
446730782
121894038
559628847
897697229
600229889
278438294
380997923
337265370
900269119
179623544
383590575
354061815
965973771
224809892
781862377
794305674
92414168
849025791
229415665
443074855
888036958
681244506
124739088
643107298
257080153
255433806
805027109
369414329
322269312
550550105
156846435
615202710
355220882
898019335
190217675
40467858
754268855
31824501
128932197
261708072
541835590
915040659
767208206
957318669
407641690
263589663
856350280
734048767
850201813
619956887
758558179
544054371
532777626
457585127
854827460
277166553
935693021
136016481
903534036
704463208
453976965
736185195
412183267
582914920
444039198
345893798
575850729
623800166
449702493
619549023
766441252
802754998
979757998
454026863
541555461
738351558
206504233
313928343
822785927
155620915
953200948
615205508
871644338
114387538
614883153
756493816
169480184
87494959
726984775
377261378
557996606
796448062
198910875
571344079
190145673
870584736
212580130
635873753
646046310
926038261
962590503
103550489
156707930
301779069
738489008
953869513
148774427
415432350
104955054
259859822
897685503
776849971
703070260
642311266
788752189
705839252
742822342
609270135
489212407
391959343
395257877
255157892
262211989
761702424
966841491
681624494
130765102
117959064
603461857
780679520
815381563
905930826
472779073
746850769
371710602
927435219
431450002
353919297
656650822
417359921
358842800
867306265
949685726
499435399
465811076
139207620
160631974
909417255
226101068
182152745
312478174
543771284
594356248
453291078
335373976
186041896
957987326
545521404
293144367
584130855
742326979
357515839
950950287
415840917
204886619
740593074
501602246
513382505
814547491
985690720
439047503
48466550
269848467
206654385
182519673
186843549
203449342
113497214
247717169
72470323
177521407
512360796
837416346
855962061
321165189
314189670
757855460
451739229
893895600
93743027
815580880
885427997
283641083
765115288
580935516
582827950
880580881
878661590
397656626
669916866
928960900
139522257
846913344
845968301
461671207
355983976
505650292
740974316
988796413
195872126
273356438
578652455
814872539
982917818
696560982
466320606
868234311
306193923
696072916
883894205
519064600
513293201
186433990
679767689
450868191
404729718
967106482
723177135
122186677
733359465
622536072
186160520
354410655
740823342
207441533
414661226
740942704
918321494
720979487
853198908
206061197
320574847
728869524
186901931
660574940
256436399
339629125
39974511
421356766
621370636
492285329
888260475
52529868
520184013
530087740
584346514
911089470
63499531
605859107
855161932
292624740
919272023
236055509
207203474
595582151
907119898
953431302
709873014
118277087
289147108
814968265
280554495
839882065
148236765
739162076
779795730
440989361
102152498
818119224
316021660
744959302
879630574
55009895
601275193
593915178
297236115
154831293
162488124
933358519
342565848
752387843
654653448
340231420
232203953
918097770
14425274
882161873
402873385
387944866
925305970
833327715
471793144
949189702
201164765
262063844
205573216
705867744
826935794
628817168
528017003
374315916
678858741
837482800
787111568
436684879
595346691
351679591
582499250
798774814
616813469
681662525
924209085
772611924
181945585
739238257
761729905
496846704
46169215
939949265
888997880
720101608
785790597
451078190
210492250
981350982
994537320
145871984
534174636
659954173
731961212
594972615
823325774
948609617
502428558
995058468
925689262
43022795
713815557
106903582
841739070
778644635
502879951
733792870
840697713
531279131
576751839
72989533
423863245
693645978
834299054
724372810
939553941
819236145
238478745
484833281
170175683
391920593
997202662
486452639
588440795
252148313
129401806
294903122
452875077
244898202
536253745
203012257
572825968
403862468
804655881
749845147
118066004
264397619
510653948
70487626
464975249
124732953
583168899
136958824
367737395
805796602
701091435
155066261
402236606
953104223
938434544
533734670
601630748
485127372
768377054
544136855
680578138
849974171
397448727
231523002
572195020
913228532
420127134
135418809
202356546
523249161
728591417
700509515
750968887
308281406
397625091
558194582
154049791
981974295
439538472
118810373
904366969
267806026
670729184
475177492
731958868
467510668
588154286
458250524
492387199
348572280
186850840
836090361
515605078
321430268
18432214
204080221
245402231
745345280
747133404
922981525
949683518
157782384
636949424
536897223
557753663
977722051
845884518
517281964
620849966
983679760
235611708
530451449
727698515
520197903
528156220
220815986
912869006
826035339
696008680
354215791
451295744
172295628
100370502
512475826
987383996
349596202
330605109
652429566
868383822
698964793
368522275
66125099
404470317
440953096
11081151
901478054
598593531
453485251
882303176
290170613
19155532
401851028
989226975
765678120
152212899
97282105
135606541
750871192
738480500
730278919
175747623
57610581
951177479
657574161
692105521
919908655
992000993
798720801
222795935
761077839
759836393
170557370
373271710
335608714
218432603
930604561
781831315
39152156
899108973
980600525
167279308
906712537
618555461
365325942
268902359
569192236
240868155
634698052
656717535
334027481
553666718
734237665
26044827
964876683
433279882
653368372
767092765
568931370
153169244
950645124
120302018
878687036
553981210
513504424
529357911
921804388
435908243
580220197
465101738
545903196
21164167
816355074
536406122
930079596
120998361
200706343
490180168
938602514
199827076
26733265
516902995
643132699
988024277
614095276
660538116
644568424
328645925
524348089
255394604
349676969
45223116
741618207
372310203
827139915
922445599
449662373
433991012
306514680
706113633
152183769
18045677
971519492
743281503
645629845
980270754
951238851
68497972
583056635
373300051
857709188
768392961
329465790
81130390
919126207
690588206
126114249
244988476
971268416
108209377
18537647
995613734
158228292
692855419
960364833
516476917
342295034
129717076
894163166
353700536
45070048
573793861
721798722
505768972
690512459
611717728
464465376
377097811
833260638
762970838
361399693
307082037
255677839
592613863
925392853
141173853
628160736
614819762
364890328
230679396
187436072
149852763
293371764
631979956
903044789
214906104
129124187
26205540
497555474
801934833
532656379
105038586
667227488
566135194
836812045
430918534
745194029
409327467
462700940
712240482
172038380
630913419
351214570
912387136
845949878
430510182
881060343
127415359
317313090
458992989
625754165
437368256
629038243
923822405
65573208
654531345
664888792
948156597
582298763
158956577
223698432
853294861
821783007
260517652
503212162
556758446
479564604
298656336
244686140
256444139
418530024
297418475
516154347
644217973
614454946
124153919
676439303
922539381
410070711
20462470
716090787
108174620
833231997
423270341
952508560
915679285
566678423
709858825
733475590
638457738
561078190
640264562
184234346
108561089
273886110
250882715
708600394
28546396
415780134
555074785
538100495
869016273
947712035
658038556
908081752
997854273
193534240
327213913
921137006
62367771
693580887
692735853
256712664
941967710
176326911
735809484
970595505
982825767
975734054
940133329
523672424
623102534
432902721
295369952
273170425
692804703
797631490
120063620
952058317
601725319
366129671
293696352
789152252
514233543
912827147
950412110
677887435
640395274
744993488
936371365
659510893
930196583
374351937
725529789
291898539
592571083
536636721
171006654
734070107
381338586
775919163
566817061
639288760
840452280
191116039
566770251
671006158
735797237
786026771
752735882
374936081
241594719
656823491
740371006
309874237
451912663
528462173
275989829
455278584
996895962
795503395
834217194
501600850
775749107
29048404
133788765
899216008
590986509
542536616
918178293
70376180
896176038
456763147
842628546
171562516
356625538
673577237
393351116
286402569
428754609
107674136
247487912
120560149
700089019
895883293
189831816
550042671
328171517
269743268
881824359
215356591
598700285
90614629
361521641
952488748
171711635
528833266
179911408
835771728
974636300
951206965
262350607
407741383
112604689
602362640
110900455
524751989
448311800
723701599
285216246
460082312
337870601
643634346
838068823
678442841
68317103
929842949
24447933
734288673
209985456
334162752
118934128
637582947
405794297
278881815
51602376
515678552
401398706
916110121
560362390
163219305
710643951
178857825
489620603
626796130
907367041
336885620
305745912
407631981
472434549
201107140
761708482
451217478
200917491
642746901
889852047
553924759
195746791
111866015
660073592
905296565
735944093
347249303
739040681
382453504
425513135
619900314
694288613
504357410
125207903
181530798
507648990
51165892
35655952
352754932
387582544
851280642
546596637
531551530
309438707
508843828
819450426
485110056
889030704
268305621
914275945
185110920
762856285
610196950
620647873
244041930
384374170
23770299
125914907
725552109
379211827
766821397
437156591
113187719
914384773
580083096
33008937
317550117
658225159
171362128
636442680
815214541
680643462
573616715
889910120
513497037
727982185
449928299
768045319
569183754
582086231
438653746
476849685
332575048
701356101
400685107
96615766
207382253
700010799
716750336
907631854
404981100
525021990
944466704
487899654
35920353
24630779
107886149
455443731
816274841
693005597
146391493
194045440
727153431
308312972
380421061
242251416
486880000
422851482
799259864
371891545
698008097
872594879
240644264
176660573
469465833
382169646
939119587
695811485
153291300
344243730
533300381
886058629
631013426
576009260
307782119
734253355
236266307
807603378
508759744
401234370
343104568
770947751
196304885
648184567
166457104
507901820
315403004
297765101
48108563
429959412
260791363
569957150
330247069
565281406
801421837
796395998
446821520
792995568
996260030
720763321
517820076
364156381
982933560
169123746
281637643
650195311
534545896
294893348
574346608
417979370
730116407
573484049
534213679
414808590
324838995
625613152
444364271
69260640
840750571
341569160
885640166
770252213
734383070
291845603
697901630
198484416
953686073
630226887
771525985
976596240
934507917
30640937
611981306
549581344
738029369
516177560
574895704
175091612
218410127
306134811
817510571
675239224
861740964
914418460
628352767
966294703
416611064
811875831
506234824
397472653
644031458
218551922
926889691
825323009
450802547
744008236
611134197
229663648
787312549
563012142
395900214
523713982
616811669
401288486
674906853
91557628
885333272
670613028
444409583
632699844
312130497
608479291
897909577
114882054
323981474
180578353
196972079
483761179
620758474
108077099
936562557
252604744
650703091
333045244
472461948
714579394
194509471
487759628
408981296
877620747
36408219
488820801
219132144
126902000
145074542
978648407
128064497
481834126
100866853
615073606
880780721
918703000
713641663
760829794
901063608
710726993
451989835
143950294
62864635
893298114
910282553
857760936
249859669
799921468
453784908
111679199
830971875
899701132
222655015
917921137
192559635
686624556
185497446
351563598
486059702
639111555
586028508
434289263
265140889
388379657
221465171
660780507
653862398
42143369
36423170
407900848
273768683
811799606
287773421
733224799
333690803
398633344
942084455
113836187
633252029
814645176
176263160
747869215
593009906
30535495
479155509
748260327
697933412
268235520
168990010
464033017
212456590
411623570
607770490
924338121
578038859
955294727
918440074
551121411
204906874
152172653
567718316
691246540
223479302
119575945
88065153
136551747
952502435
820408277
289634269
869033326
195879507
386365503
67791222
308754594
51103782
279424266
126714906
355265866
444254817
345229393
496609404
671997913
564996692
279048507
828871981
947381581
560573155
956281616
353660955
961330501
120582908
163694114
493975907
134502275
544874064
93987736
983980527
100627603
244114885
144923448
709627810
632373694
373391071
542416176
337217688
844386129
845878743
576809871
128058593
298193719
464338489
974329336
486780912
460555396
816346808
218056661
624980444
369729818
626716121
394870943
107924712
760026721
422848573
234115690
256918863
313895109
771334028
941968032
20661131
214784595
190139613
177478021
952963880
936135597
565354315
137734908
458663122
100668979
760846166
340172306
446388015
122125840
398244983
552407166
518316124
810839479
126291285
611281193
585568933
709967490
615382765
914330467
203967701
539800259
627879883
731932520
214951423
143626903
222395433
154857681
980951190
347244004
962139372
127496983
293788143
295047976
700342324
167341513
295859921
956228417
267065924
981675642
709534174
418112206
285945356
157908369
573627082
93088950
464369945
343730965
393701273
653821824
371902016
615427757
846500519
694854364
866913402
913056428
402449612
176226271
915069458
528378349
181021681
810873112
762486364
507630648
630907927
294804849
267241576
896778113
856530100
758562912
245434233
380029082
441862864
729935482
743395762
390484089
131993763
678167963
104653612
683102192
981697387
688314881
217362719
850963712
180388479
338161516
340790734
656876463
19143110
194410492
630856187
419542132
942899335
134071478
129730655
375220565
644337307
332729036
632857809
81829822
52283597
685909543
237738814
315453296
132542019
928956483
479514537
926387435
866437907
325245779
861735254
386606485
919981179
370705656
959622384
941152330
556733933
816021582
702617808
271544523
597709272
454408661
483075036
691531553
602258327
367991778
941300043
150043274
580357088
77920901
922845412
203637002
414888325
308931217
798375658
788805809
754700273
268014503
940879261
639342620
909481662
206409220
881587790
694123528
790344967
988371752
765263724
584165485
949515601
539987366
738791114
981153989
701522357
931635787
158774897
145914399
533762763
984252212
678583431
276716533
511222332
347101484
848142769
263230866
994876431
666854757
824334756
404660081
112438153
340834579
419877852
786083868
340931872
992212295
626999017
25858226
46109941
782297451
342020383
629418423
867443637
168391011
11291572
100919211
794227817
769588984
195756010
717752918
890736906
436717608
263640251
904786519
595455250
824306104
726908843
837514063
514676592
746877408
776873813
980155107
80675942
439160439
84726380
767591972
531457869
896721565
789699587
726512660
888519283
592361724
811466569
460017749
878285221
568495990
206996601
904601612
24891326
100604925
838876196
331155707
995182661
882775919
91470987
662998593
261257152
791828255
118490867
884027506
588159785
329655596
652622029
979134823
460587704
286598797
322813766
670920021
664539532
41322589
811147206
758074482
299008279
330174065
175834578
187656126
994986028
278144832
484557395
763109474
935976898
337237002
356633054
937437962
593591500
753754428
290280381
361885254
679412554
787112588
166903079
989027092
482156988
727569509
391619986
732271537
479269639
441797289
991831435
846997670
83737308
697238604
502363244
782946672
663946349
146410411
992237381
589036649
230344963
56104198
593781167
514345938
107170504
507413997
16436477
55252964
742924803
992828448
859200440
576471953
737472000
856556047
895417861
643614160
421368730
565847168
845421053
568750841
451885708
920558411
944623217
269763454
886497796
549714569
807596196
344177747
979942830
702444220
655834124
125356795
601917350
668175262
283744557
563395429
128744715
866718671
846771735
908340710
990345069
682949603
657092239
317696197
270647714
664869555
410328816
267379564
178929992
713272973
355654155
405524664
164747268
325397686
265694011
411467560
994679952
467377374
197244289
374308341
226721623
76595736
350870983
611550111
897685070
583554788
132589949
757635703
232560290
615764479
556415392
472023854
745831742
261349473
665266710
659336110
471273836
511992951
590493059
558681273
795218586
766145352
544589668
749719593
309798660
200085756
931534835
200850880
194378110
160470402
486564562
379139666
781524244
992187633
751924521
549457740
631034981
129855750
813213472
675810546
364367087
579585126
690434625
217990343
833430862
124068117
247022024
593684377
796581920
903505399
562102129
950717482
618670370
57800921
488278516
160358186
429175533
113505112
482450422
936243147
120542276
985990572
405325646
304545540
349540859
272420356
202599869
708822266
637242897
346651452
423888518
920289873
891730087
944571100
145487701
412473130
409301794
351900092
954374920
398961141
768631588
562130332
383446102
880765012
396259594
988442826
862254728
272326018
838924116
725152580
728428799
791479748
429943405
459201820
514399048
642487140
143521790
230059699
985908561
759687729
298230661
732110323
267467651
682256372
537848638
756610134
372576723
453329523
582969735
850166164
656980058
662273316
302155407
682740609
543057943
430154572
608436786
208260137
439276305
859764206
805375154
520322274
616661746
395574682
763021164
444896368
607728976
964395525
667577628
715272500
639127086
201724699
576572216
847873421
323177439
761095596
579148564
785387570
503690346
163766637
352382476
832062027
386977035
948942353
684181129
145393158
533744520
474746969
507441458
367420120
204860599
928859474
327417496
540930973
134309301
587502940
48385085
498014887
751213060
343630969
701365176
150766126
695078233
599903709
923423694
975591622
714537347
913089246
317724330
263236645
613518808
160175796
176841684
823252955
62572362
62426350
611270819
779447446
489136966
820169824
205950572
112471564
643244756
885444683
651495658
250509739
114064883
476387080
298512214
317405041
891288234
521043582
938772695
369512338
225518959
235110029
224003228
309584113
747476075
26891871
883174293
97323720
965269471
140414699
761473073
945649942
12811203
180773941
652877596
904456492
635606752
823187446
616578030
453799495
737993883
918767837
526086547
487479238
522585297
201358371
501950407
622636003
991543696
684068829
719934839
465179040
768011088
95013242
152786257
308905531
589991004
852545633
533414107
940532602
473905496
193291481
680689294
488164747
511517879
356855941
372088365
258970580
896647492
915345649
352383703
955687370
394385811
590151815
392336619
33779705
33688334
885687383
494266862
811555418
332978879
165958122
296640270
165958052
651370128
645291897
735786244
47507117
70025742
981456550
556274052
425190743
200651361
502090389
793658397
533253847
522704902
55271545
895749771
527886263
499727168
824114746
975474614
558182209
798924261
48400189
810202627
263460043
315044288
315124818
353130549
637491717
665211866
997931865
548062789
148920617
411964651
298445664
995511132
723356454
464606367
787085559
796671643
684406966
510819680
127669238
783926518
223758689
502624945
882607097
591973648
630205735
565462101
554534212
425789920
799904079
826175460
251125699
357195170
287758203
726984672
861401090
826399029
127032460
781458486
684776008
913976365
661871103
137627410
823234505
887259958
115001717
859512520
672733614
453478105
818592137
920817631
432723369
74264847
338040883
284879029
451707866
468133351
982980807
293247419
215359903
171977113
213328204
142061677
953374248
333322922
758273566
658636595
951073663
722342641
725943292
540086354
720077379
203481588
889757474
218596237
568554800
807340786
223398077
879195970
263526571
579138296
221170586
106582102
621833983
757905985
304625042
135117989
136956017
521866773
787151352
111736975
365982074
200463078
452818130
831634323
787073249
649103674
309281771
752111768
772670798
753553456
777176141
481067893
368544326
355770201
998031896
928845784
335427914
609509900
314165634
912172061
543824340
401929992
407138286
480782375
90799064
898787607
593798270
633848873
811330338
887802430
170198163
687458044
973254740
295620083
110832956
704210234
609218572
822011454
853092210
417686475
291397746
339918352
11225357
558949670
309548581
651007194
998351097
908683642
928317489
298051241
880178731
420396646
559056072
893230784
484004260
364421176
68029184
482866238
973915551
20832150
136008623
440698291
543649570
276464214
811112905
357477775
401307561
687067917
991723694
625750489
237008676
169679508
126681755
309849342
610923787
363224317
879556481
430434611
826044766
430679124
271183754
730465347
568819223
383945704
463747809
998531579
653654803
322076792
423698552
980605341
955153474
747292051
341759453
799233731
909088908
795316435
832433397
414510262
884253994
852132331
956448357
127264892
823832990
261567683
591286039
799010071
574326016
797365203
141506983
127109887
78146974
53916441
131967376
929007160
305368837
459304833
215717279
55848186
632400026
539043076
537434356
582652159
313341383
936272451
280148306
490841410
917749483
777148334
865247785
452274163
374216795
170676253
901611164
68754674
318231796
872898742
425990911
379137151
958515651
870039817
115389577
381522622
727094002
277694378
49275933
895972838
879942966
485332699
266963519
34002906
787624836
204088179
795396489
563175548
724090531
664158958
950638967
207001292
773769702
13539010
271500805
628940594
280416840
283476901
584995430
455570167
222183388
442318910
204831586
491187784
29144328
407103442
479973407
705843030
980030364
692837991
451385516
818925187
582035130
929688789
197027680
257212015
257813853
536405319
460977251
512320205
931868506
130262227
22109481
874841986
573745831
295883463
379502558
364073568
137908009
485917622
87142946
269737800
481692273
495428015
443682087
814467854
704263390
943478197
759234465
206707556
625048776
322226751
944574504
188520713
521794820
785509194
750586181
603404508
578713263
388823238
180059022
159242031
777929217
408544583
776633911
355544540
581911118
773759933
731496039
231683887
961259141
564362572
371811205
435150148
553664080
662859894
290109187
761750946
811546206
686924382
407452076
596179581
788196785
984553456
124922072
778513094
22970112
479852722
764720535
676378587
23747992
598203201
97349806
174489307
630671980
623762540
892357028
100593472
827539005
293737784
375828178
855107930
285112528
862572651
923850284
704334074
435738120
336090206
618760226
855846108
512064138
791668316
927135517
599183658
971830540
241081881
189886592
661223413
672377841
376290192
84114853
388702971
217610598
758380163
858791214
283064009
680453521
483389956
779098632
787495885
893556694
134187157
305217353
588898218
879595127
259127687
301122349
300124665
243970912
660369619