304015557
109686596
453256348
858644010
970639248
957433782
79503772
83853981
464162725
404886783
291204195
731153341
656881498
919716456
581411347
669265108
872846529
469876079
858279219
245421141
472391905
819514519
983382318
780077614
979338474
589813832
62125368
601988269
804886236
461805333
335959242
254424527
959180343
977222325
295524676
261074890
880057554
878282748
50172934
555748230
25812265
149592685
355013261
760063096
416982657
589436043
371461085
563422390
321769762
879500797
813948422
54290263
241561018
738379771
912324855
889504074
768392219
808643143
967048181
285152635
395992374
732782285
601605853
102390467
793288995
736674551
247772479
958207781
495213873
308291180
912649659
873067605
815476587
614297025
113551256
882170760
879110357
588519897
271595311
227069058
295275582
978413259
394537902
527720473
167895472
280550649
314138745
406270325
959590103
127791057
129385187
62126413
602860000
861791690
451721357
978587919
408743570
766722951
149783026
367876414
842418186
146310912
635504957
344250140
286363681
83669158
521506398
633641441
732761518
564722799
737509309
654929604
452141690
566133470
586951892
559923018
284586125
233658280
974770317
297255222
346569697
754310432
84671138
581977698
416392486
347097431
251658703
645705031
190319854
957584077
348625797
163925180
518698984
621697923
506589347
881012023
655720376
498529223
221709116
189066085
689676525
496534929
617888208
291913864
342641980
915631306
189595896
417996121
812050055
130714704
940952878
294516483
134830053
673392936
895358394
734136602
944563742
383875940
226999882
359127210
247553817
137023360
960554460
784854752
122419215
955530089
53732092
589654084
919056796
470973298
198505673
885826169
925592853
855323899
222918582
144423698
827914309
468213863
601012459
857709831
842120368
185144772
692408345
63325993
448980110
751916378
233821167
212792106
984301181
976288605
51115170
203984501
750474259
592373588
30936077
824998656
199212882
534651156
594788195
803685782
193637297
127215255
629591943
495994316
625583347
596730462
878823132
567001912
694690313
482432285
574569914
663684326
471302857
959609012
809640518
154395149
729040101
173252854
840268901
434581515
540617335
466998757
527920225
475471481
805983360
574649889
222575364
917095285
418091274
516840142
464451242
114605071
522750971
584618614
299405078
920889703
556357257
200032542
52874417
79736881
513295844
800624517
70057703
507204033
23774571
344191685
756989709
176951971
272028524
957233796
112743107
607622400
469431120
932494732
165193834
265282284
422813324
972373973
956181535
115061062
782314291
110536122
861102199
938124171
249360858
103478152
384076784
730221605
104187274
699536152
354576836
455741896
408520012
519855969
928136249
755705660
530797854
242569772
988406966
66059015
221566668
693089613
612271381
786772239
608221211
904846073
929022401
126780259
258774454
400714455
720585889
330535299
531806437
115908457
268226811
341966114
753024469
553651563
369335296
752800878
478576007
791004638
173429978
839634343
336538530
838499376
97921055
396154030
234942509
850572483
750539033
66150164
36498578
585457840
474742294
120460160
135360527
92583250
506106771
751631531
993044934
158494114
556368946
216549615
934086778
617778077
873582728
255942623
253097046
902207313
28981994
608099366
494558200
781154765
423486210
896716526
920878172
851198706
125315612
759228565
562936296
488266114
517807642
899126699
985007145
703574124
876789656
719687353
917724992
541026736
338924506
313784456
939744935
769816942
669332087
850160100
792983409
162589785
34777599
301268277
217043553
363455134
25795972
813239151
175765281
572710084
586777223
172744817
606634470
329979222
283581566
432874664
148425312
717117712
512023663
941618519
586129588
321017751
517054557
620823905
535579000
705863438
443499416
640330898
900606540
866076877
72065269
241201868
749263241
547169746
424784770
563398652
836738259
525574392
185512991
612171976
111430915
993855105
909504341
144629456
332230877
905513968
398501587
165085981
875354819
349431644
28643542
608853047
228369793
805987715
830940744
690715102
759011469
346468585
337438108
108764201
997982444
781742623
52327486
861530896
790775346
426891337
277988427
169421280
497594572
421421040
936349517
482127279
884636804
540040396
867721103
250452473
474187477
492859276
867395486
95190968
222603077
623630347
347958755
126672578
948858471
824020408
377388355
464661313
523400437
619962593
934925401
773320717
422758885
154133910
546946602
916580715
207294459
226997929
829282752
101407322
337353980
96724111
29466901
826669551
242557945
929051914
273654298
890817849
795575005
415103089
280373890
967512668
333746056
275782433
257681732
622494406
260542738
766216470
628865698
299838955
583987061
761027051
242403323
65368343
814663678
526858286
590930045
932847430
402604206
552308077
63650700
94558074
722880465
941164019
974422012
660826733
492924360
43724516
792622974
953478997
339344504
187290703
498522663
620470803
492038262
600440581
504686787
472458708
399781770
587306512
646878851
599799539
71408763
364203066
804030534
780924666
447524158
573992394
259651804
508064362
235843114
726715917
367973123
243302020
591138530
645851795
883626403
933735101
573728098
748003776
405735919
475613229
729319176
760626999
777861419
452870074
85891850
174781690
840073439
913603686
810472019
899830698
796084344
819375768
501432219
670257522
654708447
824243695
349289044
573939783
129874301
335959909
780998895
465749182
270636624
170717182
365158161
960514770
935451547
893532670
283937347
126356823
452588575
138987554
509852378
826254427
64364063
656389758
37188976
789458742
626104349
551328982
612350941
640421661
841870929
879655065
777566117
565237238
428806960
115743768
372787863
853652810
539355331
494394870
534540126
165536823
173526906
741931923
671043273
533740856
704348350
161655161
807852031
65327368
534119650
248351499
454201186
558775257
717715553
777055005
450642441
333377208
356104654
254492512
463600388
404734636
570013142
991968298
861519037
603509770
638542102
152073194
658996148
438530871
689403600
245625949
149851491
734129084
526907269
322617094
288217120
507696174
551042704
928871333
43510365
127554547
124413314
30076954
470933150
276894908
449330501
321465872
978171641
794409430
492586493
833890957
528368054
420695097
227132468
945704762
595433472
186148214
386768709
911642325
965857016
295708150
868533291
664963740
40554932
433076299
863277930
131006805
921905660
491714023
597234585
45938239
155986845
692264903
635424434
990030621
715676560
991011407
808948670
270148998
488212514
605464897
104975349
950879985
934088034
965123605
622210440
510763886
761796677
211797909
188458096
191765385
554274097
249519522
886773829
887089847
63569062
873939198
217230791
957436499
621871971
419279523
680363862
834344492
597255973
816790708
516780352
452068908
724011018
155486199
459028517
818522822
165477553
320237126
839421349
817692290
128823524
994413655
197279256
793049011
862107444
982478264
642799658
538655851
719940021
929958903
665742766
658018863
541559130
776633403
639577684
906463005
602328635
804842635
575586108
343120676
910722506
347381764
977314502
622045410
664204569
724000086
871518692
443198745
810433017
713570459
461535287
40550283
804981765
336138117
492156051
313626415
893120667
648065895
994266333
401472034
320909657
122392258
624181219
158334923
285331041
174519947
330200159
29013143
233623236
264670857
643275578
794889836
865276081
627507811
895805201
226728514
310196839
799407637
886905821
736136254
572739442
521794714
192672342
936579723
216928225
409233150
864375311
138391805
486703842
153787327
809516501
306549379
298871324
283047638
460799401
852340508
560044563
533059744
173499936
534800758
265115695
682662740
197099192
986681817
917432561
93113755
663603581
875348844
778267372
646692029
147704089
191767931
737801614
146342474
266254478
416163555
691316642
360688289
533504890
702523207
222826542
955457975
359443865
473877724
130316187
392304454
291653795
404455594
922424690
384670064
720791220
752292576
723652686
822266542
621185980
242384731
901667469
960042950
906757782
257803891
729453248
562987867
187695763
581342842
679807266
809200872
994976181
27433308
244201511
930411657
982524598
942214007
437216213
374387707
743887248
287366195
254753428
441224711
574871787
933390755
604338562
542519640
836411295
733793948
54984880
104438672
801310615
967424856
209746164
833635834
715277609
781496131
805489378
676642913
610629011
800830668
434201439
677312026
478702309
30727516
262299219
492909518
427538349
94981345
138640546
16644415
504277146
831330340
268011952
533648427
840401518
656131796
316099780
917074861
749250609
640953924
777931555
413351247
182881439
595478320
475557859
371019230
187038939
473464511
676637663
197322584
357901660
583786409
839931265
157269567
389621845
668176371
586351146
610806480
688209759
197411336
334159235
169024440
826135617
107695771
898140150
141449974
149548036
947181923
119055598
306231067
516580799
406966186
447512308
603469142
309755962
193231670
453844625
826143460
844940055
390447185
525444636
899272384
697324180
869035579
276869046
541024896
494577786
279173965
730138840
854677457
650865345
398447984
421196047
667516515
815878069
594433603
200035553
678848647
961576204
267115581
638625113
309566570
879873909
444574918
984925918
934844879
176627907
970090004
986304455
321782399
219277012
151080305
323376424
568737089
582006449
638781457
323098763
353340132
131154980
242468265
808614651
763311026
85073655
127262304
317288797
354498013
362131133
196619527
157222926
591506520
773075886
942338173
140847765
163640140
533969577
902129819
711150511
232436934
728195268
523574797
799630807
749806198
402466248
917241554
141973924
13345105
496590812
564930318
394599393
368978889
862060095
149045460
590004111
230602487
562985157
315618649
831156646
60405102
572792288
136024964
82824795
262800001
526479236
963114044
728633996
165851325
873997188
744068520