807494691
986935665
427217419
586305777
31494740
836945924
685183926
728367566
555894524
475484056
493387239
520737731
518345724
626988309
912626276
563272618
496497566
632951956
516483463
848466270
619993574
818848749
969835883
280729040
350360458
667183196
178446143
192708526
367505186
527638675
606670551
685582725
648869873
736316845
538084156
358635799
695716181
445252188
247944182
347822373
517288067
669740772
772902846
82877585
502073108
80126599
502013565
812713882
842923175
124414177
538418813
390119131
808813213
736915956
687020126
746967694
414964998
824287729
753227885
145150433
767767859
562781608
467791443
881404868
918725688
251063745
937048056
714806687
381137950
550370164
569435048
842739370
979924280
456876302
781527302
104390575
565246257
584353040
158110402
811169090
647379915
153822474
578491291
804848934
916396488
310132703
217488980
724660542
73620790
12511381
428040942
113365421
227376665
112016140
429649048
670101847
820360622
303874650
814641377
349151800